503

0 2 13 194 19 4
0 5 61 13 4
0 6 80 41 4
0 133 132 142 291 29 5 4
0 133 132 145 52 66 4 4
0 207 216 107 10 4
0 547 555 99 6 4
0 547 558 171 21 4
0 547 558 119 69 6 4
3 15 67 8 7
3 16 140 16 7
3 18 383 31 42 7
3 19 63 40 7
3 26 38 147 5 7
3 60 61 116 4 7
3 72 81 97 30 7
3 85 72 81 97 6 7
3 85 89 95 4 7
3 310 313 101 1 7
3 514 540 51 29 7
3 514 540 40 32 15 7
21 172 18 1
21 4 1 9 213 7 1
21 4 2 13 194 4 1
21 4 20 6 4 1
21 490 185 2 1
21 530 55 15 1
29 27 25 30 167 9 4
29 27 39 180 15 4
29 27 40 32 2 4
29 27 41 586 135 11 4
29 48 292 157 39 4
29 51 54 114 23 4
29 51 56 200 3 4
29 385 283 298 38 21 4
29 385 516 544 173 2 4
46 28 45 150 17 0
47 87 79 4
47 7 148 29 4
47 28 45 150 16 4
47 28 180 200 162 1 4
49 8 184 11 2
49 29 385 516 544 173 4 2
49 29 576 545 551 45 4 2
49 29 576 578 579 598 81 1 2
49 249 83 38 2
49 249 13 194 7 2
50 52 66 48 4
50 53 143 29 4
50 53 38 147 20 4
50 206 213 229 1 4
50 225 247 243 130 10 4
50 259 275 219 2 4
50 259 276 479 96 1 4
50 354 371 197 14 4
60 61 116 5 5
60 61 52 66 3 5
60 61 211 147 33 9 5
60 62 121 30 5
60 63 132 7 5
60 64 40 15 5
60 282 291 29 3 5
60 282 292 157 38 5
60 301 305 233 10 5
60 476 484 105 15 5
60 476 487 78 15 5
70 73 327 225 27 7
70 132 145 52 66 2 7
70 132 145 291 29 5 7
70 132 146 59 7 7
70 175 183 124 4 7
70 175 185 139 12 7
70 207 216 107 10 7
70 207 217 42 23 7
70 280 282 292 157 9 7
70 280 282 293 151 3 7
70 280 282 294 21 1 7
70 280 284 212 3 7
70 323 25 30 167 3 7
70 323 320 326 237 4 7
70 323 320 327 225 4 7
70 323 320 328 598 81 7 7
70 458 26 38 147 4 7
70 458 207 217 42 3 7
70 458 207 219 238 7 7
70 458 280 284 212 6 7
70 458 280 286 13 18 7
70 458 310 313 101 3 7
70 458 457 165 167 73 4 7
70 549 566 8 11 7
70 550 226 252 189 1 7
70 550 320 328 598 81 8 7
70 550 320 329 175 3 7
70 576 578 579 598 81 8 7
71 65 66 76 24 8
71 65 68 168 153 98 5 8
71 65 206 213 229 19 8
71 65 206 214 76 228 1 8
71 75 68 16 8
71 76 228 31 8
71 77 15 20 8
71 78 580 215 19 8
71 80 178 23 8
71 121 127 20 8 8
71 121 575 578 579 598 81 9 8
71 121 575 578 592 91 2 8
71 165 167 73 2 8
71 397 422 537 84 27 3 8
71 397 425 226 1 8
71 397 427 166 4 8
71 456 259 276 479 96 5 8
71 456 463 46 11 8
71 456 464 452 374 230 10 8
71 456 464 552 402 204 10 8
71 497 509 202 2 8
88 48 44 3
88 85 89 95 11 3
88 85 206 214 76 228 2 3
88 85 497 509 202 12 3
88 94 43 12 3
88 377 174 10 3
88 377 215 481 220 4 3
88 377 355 375 224 3 3
90 51 56 200 14 7
90 91 254 28 19 7
90 91 471 124 35 4 7
90 94 43 17 7
90 94 291 29 9 7
90 120 65 206 214 76 228 2 7
90 120 122 94 1 7
90 120 123 196 3 7
90 120 124 35 1 7
90 120 126 181 12 7
90 120 207 219 238 2 7
90 120 545 551 45 15 7
90 165 168 153 98 9 7
90 165 256 266 159 3 7
90 220 72 81 97 1 7
90 220 72 83 190 7 7
90 220 72 84 27 8 7
90 220 227 371 197 7 7
90 220 229 214 7 7
90 282 294 21 17 7
90 311 300 303 62 36 7
90 311 577 579 598 81 3 7
90 545 551 45 3 7
135 60 476 487 78 3 3
135 60 577 579 598 81 2 3
135 60 577 579 599 479 96 5 3
135 130 27 41 586 135 2 3
135 130 131 140 289 71 15 3
135 130 468 192 3 3
135 133 132 146 59 12 3
135 133 147 33 5 3
135 136 96 103 125 1 3
135 136 133 147 33 3 3
135 136 133 150 149 4 3
135 136 133 151 24 2 3
135 136 158 72 1 3
135 136 160 127 2 3
135 323 320 329 175 19 3
135 323 337 235 1 3
135 323 339 82 10 3
135 495 166 170 56 5 3
135 495 310 313 101 2 3
135 495 310 315 2 3 3
141 221 70 4
141 336 58 32 4
141 489 164 21 4
141 489 398 138 2 4
144 132 146 59 6 1
144 335 323 339 82 1 1
144 571 144 26 1
144 571 550 320 329 175 2 1
178 97 106 30 14 3
178 180 200 162 11 3
178 180 202 169 6 3
178 195 428 34 2 3
178 221 25 35 152 12 3
178 221 25 37 88 5 3
178 221 233 211 11 3
178 310 315 2 3 3
178 325 65 206 214 76 228 2 3
178 325 65 206 214 454 216 5 3
178 325 349 187 5 3
178 325 457 165 256 266 159 2 3
178 325 457 466 47 12 3
178 576 578 592 91 10 3
179 196 85 46 4
179 197 223 17 4
179 198 118 8 4
179 322 332 153 15 4
179 322 333 141 13 4
179 385 516 544 173 9 4
179 476 487 78 9 4
179 476 487 592 91 8 4
187 1 69 4
187 139 208 25 4
187 175 185 139 13 4
187 175 185 303 62 2 4
187 445 183 8 4
187 499 113 8 4
205 121 575 578 592 91 9 4
205 121 575 578 594 57 5 4
205 121 575 580 215 1 4
205 136 160 127 29 4
205 136 162 84 27 9 4
205 176 188 103 15 4
205 176 190 83 190 6 4
205 208 272 217 42 12 4
205 211 147 33 14 4
205 259 276 479 96 6 4
205 281 97 106 30 4 4
205 281 97 108 106 3 4
205 281 97 109 49 6 4
205 281 282 294 21 1 4
205 281 288 93 5 4
223 226 252 189 1 6
223 226 253 20 6 17 6
223 226 254 28 10 6
223 239 122 20 6
223 240 52 18 6
223 256 266 159 23 6
223 256 267 10 10 6
223 475 479 96 14 6
223 475 481 220 12 6
223 576 578 594 57 9 6
223 576 581 108 17 6
223 576 583 234 7 6
223 576 586 135 17 6
224 51 56 200 8 5
224 51 58 555 99 6 5
224 98 111 77 4 5
224 98 112 156 7 5
224 98 116 195 15 5
224 221 233 211 17 5
224 221 234 154 7 5
224 222 237 227 4 5
224 225 247 243 130 1 5
224 242 359 209 22 5
224 243 130 37 5
224 243 509 202 8 5
224 244 104 5 5
224 246 239 7 5
224 280 286 13 2 5
236 179 40 3
236 159 100 25 3
236 159 136 575 580 215 2 3
236 222 237 227 21 3
236 222 238 168 12 3
255 258 272 217 42 1 5
255 258 273 36 13 5
255 259 276 479 96 5 5
255 259 283 298 38 6 5
255 260 129 20 5
255 261 110 13 5
255 263 3 4 5
255 264 136 29 5
255 264 451 64 7 5
255 265 17 36 5
255 496 508 112 16 5
269 257 60 577 589 41 8 3
269 257 97 109 49 12 3
269 257 121 575 580 215 6 3
269 257 268 201 18 3
269 522 474 19 36 3
269 522 510 520 11 7 3
271 128 20 1
271 257 268 201 2 1
271 257 268 528 206 2 1
271 257 270 18 3 1
271 331 65 8 1
271 533 60 12 1
271 533 513 535 83 190 2 1
290 7 31 2
290 59 51 58 555 99 3 2
290 82 72 84 27 8 2
290 112 156 12 2
290 281 288 93 2 2
290 281 289 71 4 2
321 324 342 155 22 4
321 324 342 375 224 12 4
321 324 343 120 9 4
321 330 416 217 16 4
321 432 434 451 64 1 4
321 432 440 12 11 4
321 432 441 115 13 4
321 432 442 109 10 4
321 434 451 64 6 4
321 434 454 216 5 4
321 512 301 305 233 6 4
321 512 510 520 11 8 4
321 512 530 55 6 4
344 0 58 3
344 410 436 165 7 3
344 483 92 35 3
345 325 457 466 47 9 2
345 325 457 466 103 125 5 2
345 325 515 510 520 11 1 2
345 502 188 39 2
345 502 495 310 315 2 4 2
345 502 495 499 113 3 2
345 561 54 14 2
351 324 343 120 7 5
351 353 370 123 33 5
351 355 375 224 14 5
351 355 375 564 39 3 5
351 355 376 145 10 5
351 360 6 80 35 5
351 361 182 24 5
351 362 177 20 5
351 362 297 216 107 4 5
352 1 9 213 19 4
352 1 9 586 135 4 4
352 1 10 216 107 11 4
352 1 11 25 2 4
352 350 358 126 6 4
352 350 359 209 1 4
352 353 370 123 5 4
352 354 371 197 3 4
352 355 376 145 2 4
352 355 378 53 11 4
352 355 379 84 10 4
352 355 380 205 14 4
352 356 98 116 195 13 4
352 356 382 89 4 4
352 356 383 31 12 4
352 367 81 97 3 4
352 367 551 45 5 4
365 75 30 3
365 182 163 18 3
365 182 32 260 129 2 3
365 182 175 185 303 62 1 3
365 351 362 297 216 107 3 3
365 351 364 207 15 3
365 351 366 232 18 3
373 117 42 3
373 76 228 21 3
373 254 28 25 3
373 254 376 145 6 3
373 354 374 230 6 3
384 79 31 2
384 319 70 20 2
384 356 383 31 24 2
387 222 61 4
387 385 516 544 173 10 4
387 385 548 560 160 14 4
387 385 577 589 41 23 4
387 595 74 14 4
387 595 578 594 57 3 4
392 311 577 589 41 2 3
392 311 577 589 574 134 4 3
392 390 398 138 8 3
392 390 399 37 1 3
392 390 434 454 216 15 3
392 394 27 41 586 135 1 3
392 394 166 170 56 8 3
392 394 390 434 454 216 1 3
392 394 396 416 217 2 3
392 394 396 420 90 3 3
392 394 410 436 165 15 3
392 394 411 219 238 10 3
392 396 420 90 8 3
392 396 421 386 9 2 3
392 397 427 166 8 3
392 397 428 34 11 3
392 405 411 219 238 1 3
393 322 333 141 17 5
393 322 334 429 481 220 1 5
393 390 434 454 216 14 5
393 396 421 386 9 28 5
393 407 198 30 5
393 408 161 14 5
393 409 5 3 5
393 477 489 398 138 2 5
393 477 490 185 20 5
393 497 509 202 21 5
395 4 20 6 17 4
395 4 22 199 2 4
395 4 166 170 56 2 4
395 65 206 214 454 216 8 4
395 65 355 380 205 1 4
395 65 475 481 220 9 4
395 65 545 551 45 2 4
395 65 545 552 402 204 1 4
395 72 84 27 29 4
395 90 545 552 402 204 3 4
395 90 577 589 574 134 1 4
395 99 97 109 49 7 4
395 99 119 69 37 4
395 394 411 219 238 6 4
401 86 24 2
401 151 24 9 2
401 186 236 14 2
401 391 350 359 209 1 2
401 391 350 577 589 574 134 6 2
401 391 397 428 34 7 2
401 391 402 204 14 2
413 50 22 2
413 314 26 11 2
413 314 52 66 3 2
413 314 310 315 2 2 2
413 314 310 316 329 175 1 2
413 394 411 219 238 2 2
413 394 411 366 232 1 2
413 394 412 119 3 2
413 394 414 142 6 2
413 394 578 594 57 6 2
413 394 578 594 275 219 1 2
423 170 32 2
423 331 65 15 2
423 331 322 334 429 481 220 2 2
423 331 436 165 8 2
423 397 428 34 7 2
423 397 429 481 220 7 2
423 580 215 4 2
431 98 116 195 1 3
431 98 116 238 168 2 3
431 98 117 53 38 147 5 3
431 166 170 56 15 3
431 166 173 8 184 17 3
431 177 192 313 101 3 3
431 177 193 14 10 3
431 430 176 190 83 190 1 3
431 430 176 190 460 231 7 3
431 458 457 466 103 125 1 3
431 458 457 468 192 8 3
431 458 457 469 133 27 3
431 458 473 23 3 3
433 430 176 190 460 231 5 4
433 430 436 165 16 4
433 432 442 109 3 4
433 432 443 454 216 7 4
433 444 44 14 4
433 445 183 11 4
433 447 123 196 9 4
433 447 484 105 9 4
433 449 191 25 4
433 496 508 112 10 4
433 496 545 552 402 204 16 4
478 1 11 25 5 5
478 134 153 98 1 5
478 134 154 374 230 1 5
478 166 173 8 184 1 5
478 206 214 454 216 7 5
478 206 215 481 220 5 5
478 301 305 233 12 5
478 301 308 203 3 5
478 354 374 230 1 5
478 458 473 23 8 5
478 458 548 560 160 6 5
478 458 548 561 54 15 5
478 458 548 564 39 6 5
478 475 481 220 21 5
478 475 482 193 23 5
478 477 490 185 11 5
478 494 573 210 14 5
478 514 540 40 32 6 5
478 514 541 218 4 5
511 95 100 158 15 4
511 513 536 469 133 4 4
511 513 536 560 160 15 4
511 513 537 84 27 1 4
511 515 510 520 11 5 4
511 516 544 173 16 4
511 527 22 21 4
511 527 375 564 39 6 4
511 527 436 165 7 4
511 528 206 35 4
523 176 46 4
523 158 72 30 4
523 162 84 27 2 4
523 162 237 227 7 4
523 510 520 11 15 4
523 510 526 131 23 4
523 510 526 574 134 2 4
539 4 57 3
539 406 137 21 3
539 525 329 175 2 3
539 525 329 555 99 20 3
546 310 316 329 555 99 3 4
546 310 549 566 8 6 4
546 515 510 526 574 134 10 4
546 515 542 146 8 4
546 548 564 39 30 4
546 549 566 8 7 4
546 549 567 186 15 4
546 549 568 16 10 4
546 549 569 111 16 4
546 550 320 329 555 99 1 4
546 550 390 434 454 216 9 4
546 550 573 210 3 4
546 550 574 398 138 7 4
582 87 122 94 18 3
582 87 482 193 1 3
582 119 69 32 3
582 246 239 42 3
582 576 587 528 206 7 3
590 102 64 3
590 37 88 2 3
590 188 103 9 3
590 234 154 11 3
590 359 209 14 3
