case0: 2042
case1: 2136
case2: 1692
case3: 2111
case4: 1967

case 50:
Min Cost: 12884
Server Location: 5, 11, 23, 45, 52, 56, 58, 61, 62, 65, 75, 89, 98, 113, 118, 136, 180, 192, 288

easy0:       
Min Cost: 12141
Server Location: 7, 17, 23, 30, 45, 54, 56, 58, 65, 69, 71, 86, 89, 95, 96, 97, 100, 115, 124, 126, 128, 130, 139, 147, 153

easy1:
Min Cost: 11369
Server Location: 2, 7, 25, 52, 55, 66, 79, 81, 83, 87, 106, 107, 109, 113, 115, 129, 133, 138, 148, 155, 159

easy2:
Min Cost: 12637
Server Location: 3, 7, 8, 14, 19, 22, 31, 50, 56, 58, 62, 64, 69, 75, 77, 94, 99, 107, 109, 112, 113, 143, 145, 149, 150, 156

easy3:
Min Cost: 11186
Server Location: 16, 24, 28, 38, 39, 51, 53, 55, 65, 82, 87, 90, 91, 105, 113, 114, 123, 131, 134, 159

easy4:
Min Cost: 11762
Server Location: 1, 10, 22, 23, 28, 32, 42, 47, 48, 54, 55, 56, 64, 72, 80, 81, 84, 102, 103, 118, 132, 151, 152, 154

easy5:
Min Cost: 11783
Server Location: 1, 7, 8, 17, 33, 34, 54, 65, 81, 90, 103, 107, 118, 120, 124, 126, 127, 137, 150, 159

easy6:
Min Cost: 11713
Server Location: 1, 2, 19, 26, 27, 32, 33, 37, 38, 39, 44, 59, 73, 76, 79, 82, 92, 97, 112, 114, 119, 124, 133, 138, 146, 151

easy7:
Min Cost: 12077
Server Location: 17, 21, 26, 29, 36, 43, 56, 60, 62, 74, 75, 90, 92, 98, 104, 107, 112, 118, 120, 140, 141, 142, 148, 155

easy8:
Min Cost: 12710
Server Location: 6, 15, 18, 23, 25, 41, 42, 51, 63, 64, 66, 70, 71, 75, 88, 101, 105, 109, 110, 112, 124, 132, 134, 135, 151, 154

middle0:
Min Cost: 25373
Server Location: 8, 15, 20, 34, 49, 57, 71, 73, 83, 91, 100, 109, 111, 113, 119, 125, 126, 143, 146, 158, 176, 180, 199, 204, 206, 215, 225, 242, 270, 283, 291

middle1:
Min Cost: 25517
Server Location: 2, 8, 21, 27, 45, 56, 70, 78, 90, 99, 101, 103, 107, 108, 117, 118, 124, 130, 139, 155, 197, 219, 220, 227, 228, 230, 247, 248, 260, 271

middle2:
Min Cost: 25394
Server Location: 8, 15, 20, 23, 34, 49, 57, 71, 73, 83, 91, 100, 109, 111, 113, 119, 125, 126, 143, 146, 158, 176, 180, 199, 204, 206, 215, 225, 242, 270, 283, 291

middle3: 
Min Cost: 26569
Server Location: 5, 16, 28, 30, 40, 52, 59, 65, 67, 78, 86, 95, 107, 126, 129, 133, 135, 137, 166, 180, 181, 199, 206, 210, 215, 217, 228, 241, 253, 279, 288, 289, 297

middle4:
Min Cost: 28213
Server Location: 7, 21, 23, 24, 30, 34, 35, 36, 46, 48, 68, 79, 89, 94, 100, 105, 119, 120, 140, 145, 164, 185, 190, 193, 203, 206, 212, 217, 219, 225, 235, 249, 256, 265, 272, 276, 278, 283, 299

middle5:
Min Cost: 26138
Server Location: 0, 8, 14, 16, 18, 34, 53, 73, 88, 92, 96, 101, 103, 109, 110, 120, 132, 142, 174, 180, 188, 199, 203, 226, 232, 241, 246, 266, 288, 293

middle6:
Min Cost: 27858
Server Location: 2, 10, 18, 26, 41, 44, 46, 51, 59, 68, 74, 79, 81, 86, 97, 100, 107, 111, 114, 121, 128, 133, 148, 152, 156, 181, 193, 199, 203, 206, 216, 220, 231, 240, 244, 263, 266, 268, 269, 286

middle7:
Min Cost: 27294
Server Location: 5, 17, 18, 30, 38, 42, 53, 54, 55, 69, 70, 74, 81, 88, 94, 96, 110, 119, 123, 125, 126, 130, 143, 156, 174, 179, 200, 203, 212, 215, 229, 237, 248, 250, 256, 280, 285, 299

middle8:
Min Cost: 26394
Server Location: 6, 9, 19, 24, 25, 37, 46, 48, 71, 82, 89, 91, 93, 95, 120, 129, 145, 166, 170, 183, 186, 187, 191, 220, 229, 236, 244, 252, 258, 260, 265, 268, 270, 284

hard0:
Min Cost: 38719
Server Location: 106, 131, 165, 185, 276, 305, 310, 390, 391, 401, 428, 575, 585, 631, 655, 740

hard1:
Min Cost: 34345
Server Location: 95, 126, 145, 255, 316, 360, 395, 400, 670, 748

hard2:
Min Cost: 37091
Server Location: 1, 190, 195, 360, 365, 590, 596, 621, 630, 715, 730

hard3:
Min Cost: 41734
Server Location: 40, 160, 210, 260, 775

hard4:
Min Cost: 35685
Server Location: 3, 40, 80, 86, 95, 231, 300, 342, 365, 559, 615, 666, 795

hard5:
Min Cost: 39067
Server Location: 0, 96, 276, 525, 535, 575, 751

hard6:
Min Cost: 33583
Server Location: 0, 5, 60, 65, 182, 400, 538, 590, 661, 735, 775

hard7:
Min Cost: 39640
Server Location: 1, 21, 61, 122, 135, 160, 161, 215, 244, 305, 340, 358, 411, 484, 570, 571, 761

hard8:
Min Cost: 36896
Server Location: 51, 65, 70, 146, 165, 260, 329, 495, 540, 682, 730
